tick/600570.XSHG
20180417133652.000,62.33,66.80,61.00,26519743,1708852333.00,,900,1700,1700,100,200,62.330,62.310,62.300,62.290,62.280,500,100,100,1500,100,62.350,62.370,62.380,62.390,62.420
tick/600570.XSHG
20180417133655.000,62.39,66.80,61.00,26523643,1709095618.00,,14400,1400,300,2700,35200,62.390,62.380,62.350,62.330,62.320,100,24900,200,200,200,62.420,62.430,62.450,62.460,62.490
tick/600570.XSHG
20180417133658.000,62.39,66.80,61.00,26524843,1709170486.00,,13200,1800,300,3100,35600,62.390,62.380,62.350,62.330,62.320,600,24900,200,200,200,62.420,62.430,62.450,62.460,62.490
tick/600570.XSHG
20180417133701.000,62.43,66.80,61.00,26550843,1710792101.00,,1000,31300,2700,10500,100,62.330,62.320,62.310,62.300,62.290,23600,100,200,200,2600,62.430,62.450,62.460,62.490,62.500
tick/600570.XSHG
20180417133707.000,62.49,66.80,61.00,26576443,1712390317.00,,1400,200,1200,9400,4100,62.490,62.430,62.420,62.390,62.370,3200,700,200,100,300,62.500,62.510,62.530,62.570,62.580
tick/600570.XSHG
20180417133713.000,62.46,66.80,61.00,26584143,1712871147.00,,33200,5600,200,700,100,62.430,62.420,62.400,62.390,62.380,5500,1000,3200,700,200,62.460,62.480,62.500,62.510,62.530
tick/600570.XSHG
20180417133716.000,62.43,66.80,61.00,26587943,1713108465.00,,34700,6600,500,700,100,62.430,62.420,62.400,62.390,62.380,2700,1000,200,3200,700,62.460,62.480,62.490,62.500,62.510
tick/600570.XSHG
20180417133722.000,62.50,66.80,61.00,26603543,1714082808.00,,3900,600,1000,1000,8700,62.500,62.480,62.460,62.440,62.430,700,200,100,300,3000,62.510,62.530,62.570,62.580,62.590
tick/600570.XSHG
20180417133725.000,62.50,66.80,61.00,26613943,1714732977.00,,1600,100,5200,400,201600,62.480,62.470,62.460,62.450,62.440,3100,2300,900,100,10000,62.500,62.590,62.600,62.620,62.630
tick/600570.XSHG
20180417133728.000,62.50,66.80,61.00,26629043,1715676302.00,,200,1500,199800,12500,27000,62.480,62.460,62.440,62.430,62.420,43300,2300,900,100,10000,62.500,62.590,62.600,62.620,62.630
tick/600570.XSHG
20180417133731.000,62.48,66.80,61.00,26667943,1718107459.00,,700,2300,199800,12500,23600,62.470,62.460,62.440,62.430,62.420,2300,16100,100,2600,900,62.480,62.500,62.580,62.590,62.600
tick/600570.XSHG
20180417133734.000,62.48,66.80,61.00,26696143,1719870667.00,,700,2900,200100,14300,23400,62.470,62.460,62.440,62.430,62.420,13700,7400,2300,5000,100,62.480,62.560,62.570,62.580,62.620
tick/600570.XSHG
20180417133737.000,62.48,66.80,61.00,26728043,1721862967.00,,100,185100,12700,23400,600,62.460,62.440,62.430,62.420,62.400,10100,900,7400,2300,5500,62.480,62.490,62.560,62.570,62.580
tick/600570.XSHG
20180417133740.000,62.50,66.80,61.00,26743543,1722831521.00,,5500,800,600,185100,11700,62.500,62.480,62.460,62.440,62.430,7400,2300,5500,10000,100,62.560,62.570,62.580,62.600,62.620
tick/600570.XSHG
20180417133743.000,62.51,66.80,61.00,26744843,1722912786.00,,2300,55500,300,4500,11300,62.510,62.500,62.490,62.480,62.460,1000,7200,2300,5500,10000,62.550,62.560,62.570,62.580,62.600
tick/600570.XSHG
20180417133746.000,62.54,66.80,61.00,26772743,1724656573.00,,31800,300,13100,11900,300,62.500,62.490,62.480,62.460,62.450,2400,800,7200,2300,5500,62.540,62.550,62.560,62.570,62.580
tick/600570.XSHG
20180417133749.000,62.50,66.80,61.00,26797543,1726206585.00,,7900,300,15400,12200,400,62.500,62.490,62.480,62.460,62.450,2100,800,7400,2300,5500,62.540,62.550,62.560,62.570,62.580
tick/600570.XSHG
20180417133758.000,62.50,66.80,61.00,26834043,1728488203.00,,22900,12800,400,186800,6700,62.480,62.460,62.450,62.440,62.430,13400,1000,800,15300,2700,62.500,62.510,62.530,62.540,62.550
tick/600570.XSHG
20180417133801.000,62.50,66.80,61.00,26839343,1728819453.00,,21900,12800,400,186300,6700,62.480,62.460,62.450,62.440,62.430,9200,1000,800,15300,2800,62.500,62.510,62.530,62.540,62.550
tick/600570.XSHG
20180417133804.000,62.54,66.80,61.00,26855443,1729825821.00,,1000,21800,12800,500,186300,62.500,62.480,62.460,62.450,62.440,13000,2800,7300,2300,5500,62.540,62.550,62.560,62.570,62.580
tick/600570.XSHG
20180417133807.000,62.50,66.80,61.00,26867543,1730581922.00,,11500,12800,500,186400,6700,62.480,62.460,62.450,62.440,62.430,2500,13100,2800,7300,500,62.500,62.540,62.550,62.560,62.570
tick/600570.XSHG
20180417133810.000,62.54,66.80,61.00,26881443,1731451077.00,,800,10000,500,12800,600,62.500,62.480,62.470,62.460,62.450,3200,2800,7300,500,5500,62.540,62.550,62.560,62.570,62.580
tick/600570.XSHG
20180417133813.000,62.50,66.80,61.00,26904343,1732882344.00,,7200,100,9500,5000,12800,62.500,62.490,62.480,62.470,62.460,7600,10000,2800,2800,7300,62.510,62.530,62.540,62.550,62.560
tick/600570.XSHG
20180417133816.000,62.48,66.80,61.00,26929943,1734482075.00,,5000,12800,700,187000,6700,62.470,62.460,62.450,62.440,62.430,200,700,7400,3000,10000,62.480,62.500,62.510,62.520,62.530
tick/600570.XSHG
20180417133819.000,62.50,66.80,61.00,26938043,1734988282.00,,500,3300,12800,2400,187000,62.490,62.470,62.460,62.450,62.440,5200,4900,3000,11000,3100,62.500,62.510,62.520,62.530,62.540
tick/600570.XSHG
20180417133822.000,62.44,66.80,61.00,27025043,1740421105.00,,121400,4900,18400,1800,2000,62.440,62.430,62.420,62.400,62.390,3800,4600,5400,11300,3100,62.490,62.500,62.510,62.530,62.540
tick/600570.XSHG
20180417133846.000,62.44,66.80,61.00,27260243,1755107609.00,,137300,4000,18400,500,1700,62.440,62.430,62.420,62.410,62.400,700,7400,2300,1300,3100,62.490,62.500,62.520,62.530,62.540
tick/600570.XSHG
20180417133849.000,62.44,66.80,61.00,27289943,1756962322.00,,132500,4000,18400,500,1700,62.440,62.430,62.420,62.410,62.400,1000,7400,2300,1300,3100,62.490,62.500,62.520,62.530,62.540
tick/600570.XSHG
20180417133852.000,62.48,66.80,61.00,27294843,1757268474.00,,100,132900,4000,18400,500,62.480,62.440,62.430,62.420,62.410,1000,7200,2300,1300,3100,62.490,62.500,62.520,62.530,62.540
tick/600570.XSHG
20180417133855.000,62.50,66.80,61.00,27313543,1758436664.00,,200,129500,4000,18400,1700,62.450,62.440,62.430,62.420,62.400,400,2300,1300,3100,3000,62.500,62.520,62.530,62.540,62.550
tick/600570.XSHG
20180417133858.000,62.46,66.80,61.00,27315943,1758586611.00,,4500,100,128100,6700,18400,62.460,62.450,62.440,62.430,62.420,500,100,400,17400,1300,62.480,62.490,62.500,62.520,62.530
tick/600570.XSHG
20180417133901.000,62.46,66.80,61.00,27319343,1758798985.00,,1600,100,129400,6700,18400,62.460,62.450,62.440,62.430,62.420,100,100,3700,17400,1300,62.480,62.490,62.500,62.520,62.530
tick/600570.XSHG
20180417133904.000,62.49,66.80,61.00,27320343,1758861468.00,,1400,200,129400,6700,18400,62.460,62.450,62.440,62.430,62.420,900,4200,17400,1300,3100,62.490,62.500,62.520,62.530,62.540
tick/600570.XSHG
20180417133907.000,62.48,66.80,61.00,27351843,1760828501.00,,1600,2800,200,102300,6700,62.480,62.460,62.450,62.440,62.430,2900,17600,16400,3100,3000,62.500,62.520,62.530,62.540,62.550
tick/600570.XSHG
20180417133910.000,62.46,66.80,61.00,27355243,1761040941.00,,500,2200,200,102900,6200,62.480,62.460,62.450,62.440,62.430,1900,17600,16400,3100,3000,62.500,62.520,62.530,62.540,62.550
tick/600570.XSHG
20180417133913.000,62.49,66.80,61.00,27358143,1761222144.00,,1100,3900,22200,200,102900,62.490,62.480,62.460,62.450,62.440,16900,16500,16400,3100,3000,62.500,62.520,62.530,62.540,62.550
tick/600570.XSHG
20180417133916.000,62.49,66.80,61.00,27359643,1761315879.00,,4700,23400,300,101900,6200,62.480,62.460,62.450,62.440,62.430,14500,18400,16500,16400,3100,62.490,62.500,62.520,62.530,62.540
tick/600570.XSHG
20180417133922.000,62.48,66.80,61.00,27388443,1763115592.00,,24600,1700,101900,6200,18500,62.460,62.450,62.440,62.430,62.420,19400,100,36100,1000,16500,62.480,62.490,62.500,62.510,62.520
tick/600570.XSHG
20180417133925.000,62.50,66.80,61.00,27430143,1765721451.00,,24700,2700,101900,6200,18500,62.460,62.450,62.440,62.430,62.420,100,14000,1000,16700,16400,62.480,62.500,62.510,62.520,62.530
tick/600570.XSHG
20180417133928.000,62.50,66.80,61.00,27436543,1766121449.00,,2100,24700,2700,101900,6200,62.480,62.460,62.450,62.440,62.430,7700,1000,16700,16400,3100,62.500,62.510,62.520,62.530,62.540
tick/600570.XSHG
20180417133931.000,62.50,66.80,61.00,27447843,1766827371.00,,17900,2700,101900,6200,18500,62.460,62.450,62.440,62.430,62.420,6500,1000,41000,16400,3100,62.500,62.510,62.520,62.530,62.540
tick/600570.XSHG
20180417133934.000,62.49,66.80,61.00,27452843,1767139843.00,,1600,1000,17400,2700,101900,62.490,62.480,62.460,62.450,62.440,2900,1000,41000,16400,3100,62.500,62.510,62.520,62.530,62.540
tick/600570.XSHG
20180417133937.000,62.49,66.80,61.00,27457943,1767458596.00,,1900,2300,400,19400,2700,62.490,62.480,62.470,62.460,62.450,300,40900,16400,3000,1300,62.510,62.520,62.530,62.540,62.550
tick/600570.XSHG
20180417133940.000,62.50,66.80,61.00,27471643,1768315095.00,,2400,2500,600,20000,2700,62.490,62.480,62.470,62.460,62.450,300,28900,16400,3000,1300,62.500,62.520,62.530,62.540,62.550
tick/600570.XSHG
20180417133943.000,62.50,66.80,61.00,27477143,1768658837.00,,3100,400,2500,600,20000,62.500,62.490,62.480,62.470,62.460,28300,16400,3000,1300,1100,62.520,62.530,62.540,62.550,62.560
tick/600570.XSHG
20180417133946.000,62.50,66.80,61.00,27479143,1768783843.00,,2700,400,3100,600,20500,62.500,62.490,62.480,62.470,62.460,28000,16400,3100,1300,1100,62.520,62.530,62.540,62.550,62.560
tick/600570.XSHG
20180417133949.000,62.50,66.80,61.00,27481643,1768940093.00,,2400,400,3000,600,20500,62.500,62.490,62.480,62.470,62.460,28000,16400,3200,1300,1100,62.520,62.530,62.540,62.550,62.560
tick/600570.XSHG
20180417133952.000,62.50,66.80,61.00,27487079,1769279895.00,,964,400,3100,600,20500,62.500,62.490,62.480,62.470,62.460,25400,16400,3200,1300,1100,62.520,62.530,62.540,62.550,62.560
tick/600570.XSHG
20180417133955.000,62.52,66.80,61.00,27491679,1769567395.00,,17564,200,3100,600,20500,62.500,62.490,62.480,62.470,62.460,25300,16400,3200,1300,1100,62.520,62.530,62.540,62.550,62.560
tick/600570.XSHG
20180417133958.000,62.50,66.80,61.00,27494879,1769767443.00,,17664,200,3100,600,20500,62.500,62.490,62.480,62.470,62.460,23400,16400,3200,1300,1100,62.520,62.530,62.540,62.550,62.560
tick/600570.XSHG
20180417134001.000,62.52,66.80,61.00,27495879,1769829962.00,,25464,200,3100,600,20500,62.500,62.490,62.480,62.470,62.460,22500,16400,3200,1300,1100,62.520,62.530,62.540,62.550,62.560
tick/600570.XSHG
20180417134004.000,62.50,66.80,61.00,27496579,1769873719.00,,25664,200,3100,600,19900,62.500,62.490,62.480,62.470,62.460,23500,16400,3200,1300,1100,62.520,62.530,62.540,62.550,62.560
tick/600570.XSHG
20180417134007.000,62.50,66.80,61.00,27511579,1770811306.00,,15764,200,3100,200,19900,62.500,62.490,62.480,62.470,62.460,19200,16400,3200,1300,1100,62.520,62.530,62.540,62.550,62.560
tick/600570.XSHG
20180417134010.000,62.50,66.80,61.00,27535143,1772284137.00,,200,3100,200,20600,7400,62.490,62.480,62.470,62.460,62.450,8900,15236,16400,3200,1300,62.500,62.520,62.530,62.540,62.550
tick/600570.XSHG
20180417134013.000,62.50,66.80,61.00,27537943,1772459137.00,,200,3100,200,20800,7400,62.490,62.480,62.470,62.460,62.450,6300,100,15236,16400,3200,62.500,62.510,62.520,62.530,62.540
tick/600570.XSHG
20180417134016.000,62.50,66.80,61.00,27545043,1772902887.00,,200,3100,200,20800,7400,62.490,62.480,62.470,62.460,62.450,900,400,15236,16400,3200,62.500,62.510,62.520,62.530,62.540
tick/600570.XSHG
20180417134019.000,62.52,66.80,61.00,27552643,1773377998.00,,1300,19900,3300,200,21000,62.500,62.490,62.480,62.470,62.460,1000,9236,16400,3200,1300,62.510,62.520,62.530,62.540,62.550
tick/600570.XSHG
20180417134028.000,62.51,66.80,61.00,27574543,1774746904.00,,2100,16900,5000,200,18300,62.500,62.490,62.480,62.470,62.460,400,2736,16400,3200,1300,62.510,62.520,62.530,62.540,62.550
tick/600570.XSHG
20180417134031.000,62.49,66.80,61.00,27594243,1775977980.00,,5000,200,18300,6900,102000,62.480,62.470,62.460,62.450,62.440,900,100,300,1436,16400,62.490,62.500,62.510,62.520,62.530
tick/600570.XSHG
20180417134034.000,62.52,66.80,61.00,27599743,1776321709.00,,2900,5000,200,17800,6900,62.500,62.480,62.470,62.460,62.450,5636,16400,800,1300,1100,62.520,62.530,62.540,62.550,62.560
tick/600570.XSHG
20180417134037.000,62.50,66.80,61.00,27603743,1776571709.00,,5000,200,17800,6900,102000,62.480,62.470,62.460,62.450,62.440,500,5636,16400,800,1300,62.500,62.520,62.530,62.540,62.550
tick/600570.XSHG
20180417134040.000,62.50,66.80,61.00,27606143,1776721691.00,,4100,600,17800,6900,102000,62.480,62.470,62.460,62.450,62.440,400,5636,16400,800,1300,62.500,62.520,62.530,62.540,62.550
tick/600570.XSHG
20180417134043.000,62.50,66.80,61.00,27610443,1776990411.00,,200,2900,600,17800,7400,62.490,62.480,62.470,62.460,62.450,500,5536,16400,800,1300,62.500,62.520,62.530,62.540,62.550
tick/600570.XSHG
20180417134046.000,62.50,66.80,61.00,27612443,1777115411.00,,900,49200,700,2900,700,62.510,62.500,62.490,62.480,62.470,5736,16400,600,1300,1100,62.520,62.530,62.540,62.550,62.560
tick/600570.XSHG
20180417134049.000,62.50,66.80,61.00,27615643,1777315421.00,,48000,1800,4000,700,17800,62.500,62.490,62.480,62.470,62.460,600,5736,16400,600,1300,62.510,62.520,62.530,62.540,62.550
tick/600570.XSHG
20180417134052.000,62.50,66.80,61.00,27618143,1777471700.00,,51400,2000,4000,700,17800,62.500,62.490,62.480,62.470,62.460,300,16400,600,1300,1100,62.520,62.530,62.540,62.550,62.560
tick/600570.XSHG
20180417134055.000,62.50,66.80,61.00,27631043,1778277976.00,,41700,2900,4000,700,17800,62.500,62.490,62.480,62.470,62.460,1400,16500,600,1300,1100,62.510,62.530,62.540,62.550,62.560
tick/600570.XSHG
20180417134059.000,62.50,66.80,61.00,27638143,1778721733.00,,37300,2900,4300,1000,17800,62.500,62.490,62.480,62.470,62.460,1400,300,16500,600,1300,62.510,62.520,62.530,62.540,62.550
tick/600570.XSHG
20180417134101.000,62.50,66.80,61.00,27646543,1779246740.00,,30600,2900,4300,1000,17800,62.500,62.490,62.480,62.470,62.460,1500,600,16500,600,1300,62.510,62.520,62.530,62.540,62.550
tick/600570.XSHG
20180417134104.000,62.51,66.80,61.00,27656843,1779890740.00,,400,31200,2700,4300,600,62.510,62.500,62.490,62.480,62.470,9400,600,1300,1100,600,62.530,62.540,62.550,62.560,62.620
tick/600570.XSHG
20180417134107.000,62.52,66.80,61.00,27656943,1779896992.00,,3000,2900,31600,2200,4300,62.520,62.510,62.500,62.490,62.480,9400,600,1300,1100,600,62.530,62.540,62.550,62.560,62.620
tick/600570.XSHG
20180417134110.000,62.55,66.80,61.00,27668843,1780641097.00,,3100,2000,3500,32600,2200,62.540,62.520,62.510,62.500,62.490,1200,1100,600,200,10100,62.550,62.560,62.620,62.630,62.650
tick/600570.XSHG
20180417134114.000,62.52,66.80,61.00,27677043,1781153951.00,,1900,10100,32700,2200,4300,62.520,62.510,62.500,62.490,62.480,300,600,200,10100,2500,62.560,62.620,62.630,62.650,62.660
tick/600570.XSHG
20180417134116.000,62.56,66.80,61.00,27679443,1781304071.00,,1200,400,1800,10000,32900,62.540,62.530,62.520,62.510,62.500,600,200,10100,2500,1200,62.620,62.630,62.650,62.660,62.680
tick/600570.XSHG
20180417134119.000,62.55,66.80,61.00,27680243,1781354109.00,,300,1100,1100,2400,9500,62.550,62.540,62.530,62.520,62.510,600,200,10100,2500,1200,62.620,62.630,62.650,62.660,62.680
tick/600570.XSHG
20180417134122.000,62.57,66.80,61.00,27681343,1781422925.00,,300,100,1100,1900,2400,62.570,62.550,62.540,62.530,62.520,100,500,200,10100,2500,62.610,62.620,62.630,62.650,62.660
tick/600570.XSHG
20180417134125.000,62.62,66.80,61.00,27705243,1782917047.00,,1500,1900,5000,1600,25600,62.580,62.570,62.550,62.540,62.500,200,200,10100,2500,1200,62.620,62.630,62.650,62.660,62.680
tick/600570.XSHG
20180417134129.000,62.60,66.80,61.00,27707543,1783060980.00,,1400,100,5600,300,600,62.570,62.560,62.550,62.540,62.520,600,900,200,200,10100,62.600,62.610,62.620,62.630,62.650
tick/600570.XSHG
20180417134131.000,62.57,66.80,61.00,27713143,1783411381.00,,400,5600,1900,600,100,62.560,62.550,62.540,62.520,62.510,300,100,500,200,10100,62.600,62.610,62.620,62.630,62.650
tick/600570.XSHG
20180417134134.000,62.58,66.80,61.00,27713243,1783417639.00,,2000,600,400,5600,1900,62.580,62.570,62.560,62.550,62.540,300,100,500,200,10100,62.600,62.610,62.620,62.630,62.650
tick/600570.XSHG
20180417134137.000,62.56,66.80,61.00,27722643,1784005759.00,,5600,1900,500,300,20200,62.550,62.540,62.520,62.510,62.500,19200,15100,1200,100,500,62.560,62.570,62.600,62.610,62.620
tick/600570.XSHG
20180417134141.000,62.56,66.80,61.00,27726043,1784218463.00,,5500,1900,800,300,20500,62.550,62.540,62.520,62.510,62.500,16200,15100,9700,100,500,62.560,62.570,62.600,62.610,62.620
tick/600570.XSHG
20180417134144.000,62.56,66.80,61.00,27742343,1785238148.00,,1200,1900,800,300,20500,62.550,62.540,62.520,62.510,62.500,4200,15100,9700,100,500,62.560,62.570,62.600,62.610,62.620
tick/600570.XSHG
20180417134146.000,62.57,66.80,61.00,27747043,1785532185.00,,800,1400,1600,800,500,62.560,62.550,62.540,62.520,62.510,14600,9100,100,500,10200,62.570,62.600,62.610,62.620,62.630
tick/600570.XSHG
20180417134149.000,62.56,66.80,61.00,27749443,1785682325.00,,1100,1600,800,500,20800,62.550,62.540,62.520,62.510,62.500,8000,14600,11100,100,500,62.560,62.570,62.600,62.610,62.620
tick/600570.XSHG
20180417134152.000,62.57,66.80,61.00,27763343,1786551941.00,,500,1600,800,500,20800,62.550,62.540,62.520,62.510,62.500,10800,11100,100,700,11600,62.570,62.600,62.610,62.620,62.630
tick/600570.XSHG
20180417134155.000,62.57,66.80,61.00,27768143,1786852248.00,,1400,1400,800,800,20500,62.560,62.540,62.520,62.510,62.500,8000,10600,100,700,11600,62.570,62.600,62.610,62.620,62.630
tick/600570.XSHG
20180417134158.000,62.55,66.80,61.00,27772043,1787096222.00,,1200,800,800,19400,1200,62.540,62.520,62.510,62.500,62.490,1600,700,7800,10500,100,62.550,62.560,62.570,62.600,62.610
tick/600570.XSHG
20180417134202.000,62.57,66.80,61.00,27778443,1787496618.00,,500,13000,800,1000,22300,62.560,62.540,62.520,62.510,62.500,4300,10500,100,700,10500,62.570,62.600,62.610,62.620,62.630
tick/600570.XSHG
20180417134207.000,62.57,66.80,61.00,27791743,1788328695.00,,1600,4400,13000,800,1000,62.560,62.550,62.540,62.520,62.510,1500,2500,100,700,10500,62.570,62.600,62.610,62.620,62.630
tick/600570.XSHG
20180417134207.000,62.57,66.80,61.00,27799743,1788829332.00,,100,400,4800,29700,300,62.570,62.560,62.550,62.540,62.530,100,700,10500,10100,2500,62.610,62.620,62.630,62.650,62.660
tick/600570.XSHG
20180417134213.000,62.61,66.80,61.00,27800843,1788898164.00,,1700,2400,500,2600,29700,62.600,62.570,62.560,62.550,62.540,600,10500,10100,2500,1200,62.620,62.630,62.650,62.660,62.680
tick/600570.XSHG
20180417134217.000,62.60,66.80,61.00,27801943,1788967024.00,,1100,500,2400,2000,2600,62.600,62.580,62.570,62.560,62.550,500,600,10500,10100,2500,62.610,62.620,62.630,62.650,62.660
tick/600570.XSHG
20180417134219.000,62.60,66.80,61.00,27803643,1789073451.00,,500,2400,2100,2400,29700,62.580,62.570,62.560,62.550,62.540,500,500,10100,2500,1200,62.620,62.630,62.650,62.660,62.680
tick/600570.XSHG
20180417134222.000,62.61,66.80,61.00,27804243,1789111017.00,,500,500,1900,2100,2400,62.610,62.580,62.570,62.560,62.550,1100,500,10100,2500,1200,62.620,62.630,62.650,62.660,62.680
tick/600570.XSHG
20180417134225.000,62.61,66.80,61.00,27804743,1789142323.00,,1700,300,200,4500,2000,62.610,62.590,62.580,62.570,62.560,1000,500,10100,2500,1200,62.620,62.630,62.650,62.660,62.680
tick/600570.XSHG
20180417134228.000,62.63,66.80,61.00,27806443,1789248784.00,,2000,3700,2000,300,2200,62.630,62.620,62.610,62.590,62.580,10100,2500,1200,100,500,62.650,62.660,62.680,62.700,62.730
tick/600570.XSHG
20180417134232.000,62.62,66.80,61.00,27809043,1789411616.00,,3800,2800,700,200,2200,62.620,62.610,62.600,62.590,62.580,100,200,10100,2500,15700,62.630,62.640,62.650,62.660,62.680
tick/600570.XSHG
20180417134235.000,62.63,66.80,61.00,27809743,1789455455.00,,4800,2900,700,200,2200,62.620,62.610,62.600,62.590,62.580,1400,200,10100,2500,15700,62.630,62.640,62.650,62.660,62.680
tick/600570.XSHG
20180417134241.000,62.62,66.80,61.00,27826343,1790495371.00,,100,36900,2700,700,200,62.630,62.620,62.610,62.600,62.590,1000,15700,2100,500,400,62.660,62.680,62.700,62.730,62.750
tick/600570.XSHG
20180417134244.000,62.63,66.80,61.00,27826643,1790514164.00,,4000,36900,2700,700,200,62.630,62.620,62.610,62.600,62.590,900,15700,2100,500,400,62.660,62.680,62.700,62.730,62.750
